          0 0000000000000000
          1 0000000000000005
          2 0000000000000002
          3 0000000000000003
          4 000000000000000a
          5 0000000000000004
          6 0000000000000006
          7 0000000000000006
          8 000000000000000f
          9 0000000000000009
         10 0000000000000002
         11 000000000000000b
         12 000000000000000c
         13 0000000000000006
         14 0000000000000009
         15 000000000000000f
         16 0000000000000010
         17 0000000000000011
         18 0000000000000000
         19 0000000000000000
         20 000000000000002d
         21 0000000000000009
         22 000000000000000a
         23 000000000000000a
         24 0000000000000001
         25 0000000000000000
         26 ffffffffffffffff
         27 0000000000000000
         28 0000000000000000
         29 0000000000000000
         30 0000000000000000
         31 0000000000000000
